1 24
1 48
1 53
1 60
1 62
1 65
1 77
1 81
1 82
1 91
2 9
2 11
2 12
2 13
2 17
2 19
2 20
2 31
2 35
2 47
2 48
2 49
2 54
2 57
2 188
3 11
3 18
3 20
3 21
3 159
3 164
3 165
3 166
3 172
3 176
3 177
3 186
3 315
3 323
3 325
3 326
3 334
3 335
3 339
3 343
3 346
3 352
3 353
3 366
3 369
3 383
3 388
3 399
3 400
3 405
3 410
3 413
3 421
3 432
3 433
4 86
4 88
4 99
4 101
4 102
4 105
4 108
4 117
4 123
4 133
4 134
4 143
4 159
5 49
5 54
5 67
5 82
5 83
5 85
5 88
5 100
5 101
5 102
5 112
5 127
5 139
5 154
5 155
5 159
5 170
5 175
5 177
5 178
5 182
5 187
5 190
5 192
5 194
5 195
5 196
6 67
6 71
6 72
6 75
6 80
6 91
6 94
6 162
6 237
6 242
6 275
6 278
6 296
6 299
6 314
6 317
6 321
6 322
6 324
6 325
6 340
6 343
6 345
6 347
6 349
6 352
6 353
6 354
6 360
6 363
6 364
6 365
6 366
6 371
6 374
6 376
6 379
6 380
6 389
6 390
6 392
6 394
6 401
6 402
6 405
6 414
6 433
6 444
6 452
6 456
7 1
7 4
7 8
7 9
7 12
7 19
8 6
8 11
8 22
8 24
8 29
8 30
8 36
8 49
8 50
8 54
8 62
8 89
8 98
8 100
8 109
8 111
8 116
8 126
8 131
8 137
8 141
8 146
8 147
10 10
10 11
10 14
10 18
10 21
11 4
11 6
11 10
11 29
11 40
11 59
11 69
12 76
12 80
12 84
12 109
12 122
12 123
12 130
12 139
12 140
12 144
12 151
12 155
12 164
12 169
12 171
12 175
12 177
12 189
12 192
12 196
12 199
12 201
12 207
12 208
12 217
12 218
12 225
12 231
12 248
12 251
12 255
12 259
12 260
12 261
12 264
12 274
12 353
13 5
13 6
13 10
13 15
13 18
13 25
13 31
13 32
13 44
13 49
13 53
13 69
13 83
13 84
13 88
13 89
13 94
14 83
14 91
14 101
14 105
14 119
14 121
14 134
14 137
14 141
14 144
14 145
15 25
15 38
15 46
15 50
15 56
15 58
15 192
15 195
16 63
16 68
16 70
16 72
16 77
16 78
16 81
16 87
16 89
16 93
16 94
16 98
16 134
16 136
16 142
16 150
16 151
16 152
16 166
16 169
16 172
16 184
16 193
16 194
16 198
16 199
16 203
16 206
16 209
16 218
16 219
16 222
16 228
16 240
16 244
16 253
16 256
16 257
16 264
16 269
16 272
16 273
16 276
16 278
17 58
17 62
17 89
17 96
17 104
17 110
17 113
18 32
18 42
18 47
18 50
18 58
18 86
18 97
18 98
19 92
19 122
19 133
19 136
19 166
19 175
19 180
19 181
19 184
19 212
19 213
19 222
19 228
20 5
20 8
20 39
20 41
20 42
20 45
20 53
20 60
21 36
22 3
22 5
22 12
22 16
22 30
23 1
23 5
23 7
23 8
23 9
23 11
23 13
23 21
23 24
23 25
24 3
24 10
24 13
24 15
24 17
24 21
24 27
24 31
24 35
24 37
24 38
24 45
24 47
24 55
24 57
24 58
24 63
24 64
24 70
24 77
24 80
24 92
24 99
24 100
24 102
24 107
26 2
26 21
26 22
26 28
26 34
26 36
26 40
26 41
26 43
26 45
26 46
26 54
26 58
26 63
26 64
26 69
26 73
26 76
26 77
26 86
26 89
26 93
26 95
26 98
26 99
26 101
26 111
26 121
26 124
26 130
26 135
27 109
27 113
27 148
27 155
27 156
27 157
27 163
27 165
27 173
27 174
27 184
27 187
28 3
28 6
28 8
28 11
28 13
28 15
28 18
28 42
28 45
28 46
28 49
28 50
28 51
28 63
28 64
28 71
28 74
28 77
28 80
28 87
28 88
28 164
28 167
28 168
28 171
28 176
28 177
29 23
29 29
29 33
31 69
31 123
33 68
33 119
33 120
33 125
33 130
33 138
33 139
33 155
33 158
33 161
33 169
33 173
33 174
33 181
33 185
33 187
33 190
35 1
35 5
35 6
35 18
35 20
35 24
35 25
35 26
35 30
35 78
35 80
35 87
35 88
35 93
35 107
37 26
37 28
37 33
37 43
37 47
37 53
37 56
37 58
38 123
40 28
40 30
40 31
40 49
40 51
40 59
40 62
40 63
40 67
40 83
40 85
41 2
41 11
41 13
41 16
41 17
41 28
42 5
42 19
44 28
44 30
44 53
44 56
44 64
44 93
44 95
44 101
44 104
44 106
44 108
44 111
44 116
45 6
45 7
45 9
45 11
45 16
45 19
45 21
45 129
45 135
45 138
45 140
45 146
45 147
45 150
46 1
46 7
46 11
46 28
46 29
46 33
46 37
46 47
46 48
46 51
46 56
46 65
46 69
46 76
46 88
46 95
46 98
46 100
46 105
46 106
46 121
46 125
46 127
46 129
46 138
46 144
46 145
46 146
46 151
46 156
46 162
46 169
46 171
47 7
47 13
47 16
48 46
48 50
48 52
49 24
49 25
49 26
49 38
49 39
49 51
49 61
49 64
49 67
49 77
49 80
49 83
49 85
49 94
49 95
49 100
49 101
49 120
49 129
49 134
49 137
49 138
49 150
50 7
50 10
50 11
50 20
50 21
50 32
50 34
50 39
51 2
51 15
51 17
51 21
51 24
51 26
51 31
51 36
51 37
51 43
51 47
51 52
51 57
51 59
51 69
51 70
51 74
51 75
52 26
52 29
52 38
53 2
53 5
53 7
53 9
53 10
53 12
53 21
53 24
53 27
53 29
53 30
53 33
53 37
54 3
54 13
54 23
54 25
54 28
54 32
54 38
55 10
55 11
55 15
55 18
55 26
55 48
55 50
55 51
55 53
55 60
55 70
55 72
55 73
55 76
55 79
55 95
55 103
55 116
55 132
55 134
55 142
55 144
55 145
55 159
55 161
55 167
56 87
56 88
56 89
56 95
58 14
58 19
58 21
58 22
58 26
58 27
58 35
58 37
58 39
58 48
58 49
58 73
58 74
58 84
58 89
58 98
58 100
58 108
58 109
58 114
58 118
58 122
58 124
58 125
59 48
59 49
60 3
60 18
60 20
60 25
60 30
60 35
60 47
61 3
61 14
61 17
61 23
62 10
62 13
62 23
62 25
62 31
62 33
62 41
62 42
64 12
64 14
64 26
64 27
64 29
64 37
64 41
64 43
64 46
64 51
64 53
64 65
64 102
65 2
65 5
65 16
65 20
65 23
65 27
65 31
65 33
65 37
65 40
65 45
65 46
65 54
65 57
65 59
65 64
65 69
67 50
67 57
68 107
69 118
69 129
69 134
69 148
70 7
70 9
70 15
70 18
70 33
70 34
70 39
70 51
70 53
70 54
70 61
70 65
70 67
70 70
71 6
71 10
71 12
71 40
71 48
71 54
71 57
71 61
72 5
72 15
72 19
72 30
72 32
72 33
72 40
72 51
72 53
72 56
72 57
73 130
73 131
73 136
73 140
73 148
73 151
73 153
73 154
73 157
73 171
73 175
73 176
73 178
74 4
74 8
74 16
74 17
74 38
74 49
74 50
74 52
74 58
74 71
74 75
74 78
74 84
74 87
74 88
74 90
74 92
74 97
74 102
74 105
74 112
74 118
74 119
74 125
74 131
75 1
75 4
75 11
75 15
75 29
75 38
75 43
75 54
75 56
75 62
75 63
75 65
76 12
76 13
76 18
76 25
76 26
76 29
76 31
76 39
76 41
76 47
76 48
76 55
76 66
76 68
76 71
76 93
76 96
76 102
76 110
76 111
76 115
76 116
77 3
77 29
77 32
77 42
77 45
77 47
78 78
78 81
78 85
78 89
78 100
78 107
78 114
78 120
78 123
78 126
78 135
78 140
78 145
78 148
78 149
78 150
79 18
79 32
79 36
79 45
79 47
79 53
79 57
79 59
80 45
80 46
80 57
80 62
80 66
81 7
81 9
81 12
81 15
81 19
81 25
81 30
81 48
81 64
82 5
82 19
82 23
82 26
82 28
82 29
82 34
82 35
83 3
83 5
83 18
83 19
83 29
83 30
83 40
83 52
85 27
85 28
85 40
85 48
85 49
85 56
85 62
86 6
86 7
86 12
86 15
86 21
86 22
86 26
86 28
86 30
86 35
86 42
86 52
86 53
87 4
87 8
87 19
87 21
87 22
87 28
87 29
87 30
87 43
87 49
87 58
87 61
87 82
87 86
87 95
87 103
89 41
89 45
89 50
89 53
89 60
90 6
90 7
90 9
90 12
90 15
90 19
90 22
90 27
90 28
90 32
90 35
90 36
90 40
90 46
90 53
90 54
90 55
91 61
91 63
91 85
91 90
91 94
91 106
91 130
91 132
91 135
92 6
92 8
92 15
92 21
92 23
92 24
92 28
92 31
92 36
92 59
92 60
92 63
93 5
93 23
93 26
93 29
93 35
93 45
93 46
93 60
93 61
93 65
93 69
93 74
93 79
93 91
93 93
93 97
93 98
93 102
93 103
93 106
93 112
93 122
93 124
93 133
93 137
93 140
94 10
94 15
94 20
94 21
94 27
94 28
94 48
94 55
94 70
94 74
94 79
97 20
97 32
98 9
98 13
98 19
98 24
98 28
98 29
98 30
98 41
98 55
98 70
98 75
99 57
99 58
101 32
101 40
101 52
101 61
101 67
101 70
101 76
101 78
103 18
103 28
103 29
103 80
103 82
103 84
103 88
103 93
103 115
103 131
103 140
103 144
103 149
103 153
103 158
103 159
103 162
103 163
103 165
103 171
103 178
104 11
104 25
104 28
104 33
104 36
104 37
106 59
106 68
106 72
106 74
106 75
106 87
106 94
106 100
106 120
106 122
106 124
106 134
106 141
107 23
107 38
107 46
107 47
108 1
